0.9026940679947414,4,7
0.635218,1.032011,0.802289,0.823173,0.656102,0.384611,0.32196,0.489031,0.614334,1.303502,1.24085,1.073779,0.551682,0.426379,-0.179253,-0.638698,
0.9026940679947414,44,8
0.902317,0.902317,0.859092,0.664581,0.362007,0.362007,0.513294,0.599744,0.642968,1.356177,1.37779,0.83748,0.362007,-0.243139,-0.783449,
0.9020606601308652,8,13
0.607384,0.627353,0.687259,0.727197,1.066667,0.966823,0.587415,0.367759,-0.357774,
0.9020606601308652,20,13
0.453863,0.530572,0.703167,0.68399,1.10589,1.010004,0.511394,0.242912,-0.217343,
0.9020606601308652,41,14
0.38525,0.524437,0.74316,1.220372,1.140837,0.544321,0.265947,-0.270918,-0.688479,
0.8347661726132147,0,4
-1.9606727492645764,-1.8530098364005783,-1.530018820674217,-0.028709825455270288,0.7668036498972772,0.9462429765711242,1.161569940866304,0.80269128751861,0.40792499654958336,-0.20814915212911722,-1.0275884782740088,-0.5969345496836496,-0.5251592744409842,0.40792499654958336,1.2692339922974853,1.3768969051614834,0.9103553389497915,0.3720373589282507,-0.0945042072834414,-0.5969345496836496,
0.8347661726132147,12,8
1.034674,1.014168,0.891135,0.522036,0.440014,0.399003,0.419508,0.542541,1.301245,1.219223,0.91164,0.583552,0.522036,-0.195657,-0.605767,
0.8335174592525156,40,1
-0.7160577164218375,-1.1525238158115136,-1.2834631460735304,-1.458049585829401,-1.3707563659514659,-0.8906441561777079,-0.6287644965439022,-0.8469970466838543,0.30236384822725487,0.6369876912410446,0.7242809111189799,0.5933405817471911,0.30236384822725487,-0.4105309472941782,-0.541471276665967,-0.4105309472941782,-0.13410225116242128,1.728152440160349,1.990032099794155,1.509919890020397,1.3789795606486082,0.5933405817471911,0.08413029897753088,
0.8062014420420703,16,0
-0.5915583363843594,-0.8304579325089866,-1.2058699806480924,-1.4788969247492603,-1.82018060487572,-1.4106401887239683,-1.0693565085975085,-0.4209164963211295,-0.4550448643337755,0.12513739188120626,0.5346778080329582,0.671191280083542,0.5688061760456041,0.22752249591914422,-0.11376118420731562,-0.48917323234642146,0.09100902386856026,1.183117820309337,1.456144764410505,1.660914972486381,1.558529868448443,1.3537596603725672,0.705319648096188,-0.2502746562578996,
0.8062014420420703,33,0
-0.35766758189806985,-0.8626111311251927,-1.325475200726564,-1.4937900573450014,-1.5358685163425634,-1.4937900573450014,-1.0309249671154406,-0.7363757541325068,-0.44182552052138335,0.07714350128613373,0.6942969549255481,0.778453872920672,0.778453872920672,0.18935340569842535,-0.39974706152382133,-0.27351066390294587,-0.13324879370167614,1.1150825655293573,1.5779476557589183,1.704183032751604,1.5779476557589183,1.1150825655293573,0.6101390163022345,-0.13324879370167614,
0.8062014420420703,7,13
0.559903,0.633635,0.836398,0.781099,1.205059,0.983862,0.596769,0.301841,-0.122119,-0.564511,
0.8062014420420703,30,13
0.538381,0.519323,0.748016,1.014824,1.167286,1.033882,0.519323,0.309688,-0.109582,-0.566967,
0.7774899493790961,61,8
1.002727,1.002727,0.907756,0.755804,0.527876,0.508882,0.64184,0.717816,1.097697,1.135685,0.92675,0.527876,0.299947,-0.269874,
0.7774899493790961,50,11
0.5766876354466574,0.04330848631892721,-0.49007066280880335,-0.2530135494631127,-0.07522135855377135,-0.07522135855377135,-0.5493355852451525,-0.31227847189946184,2.176827659229555,1.1693342834104432,0.5174252894100143,-0.40117456735413254,-2.327267799937391,
0.7774899493790961,57,9
1.004387,0.660604,0.721271,0.559491,0.599936,0.883052,0.802162,1.065055,1.1055,1.004387,0.579713,0.276375,-0.249412,
0.7774899493790961,29,12
0.34439604058509765,-0.4841272729931407,-0.18822625951378003,-0.18822625951378003,0.10767475396558053,-0.2474059863736237,-0.18822625951378003,2.178988985861532,0.9953801735838049,0.521937600344771,-0.592625025022949,-2.2595404914097315,
0.7389465550310227,19,10
0.913158,0.688573,0.632426,0.482703,0.520134,0.651142,1.287467,1.081597,1.062882,0.669857,0.314264,-0.265915,
0.7269323079087772,14,13
-0.27490974365863663,-0.27490974365863663,0.16098307855421276,0.10649560440557354,-0.2204222695099973,-0.05696217072283441,2.1224972930239026,0.9237937746826331,0.16098307855421276,-0.35663979305221816,-2.290909108618211,
0.7245033479251574,58,1
-0.5675635549654853,-1.089431820209589,-1.350365952831641,-1.4373446628002307,-1.3938548084950062,-0.9589652532194923,-0.6110524106288509,-0.8284976875875371,-0.13267300104811278,0.5631516854913117,0.6066405411546771,0.5631516854913117,0.12826113157393904,-0.350118278006799,-0.30662942234343354,-0.5240746993021198,-0.2558924240695071,1.476421648989422,1.5633993603161531,1.9113122029067948,1.5633993603161531,1.1285088063987807,0.30221755286925983,
0.6835716529912392,38,12
0.3884899076666081,-0.23034379867004093,-0.41599391057103574,0.07907305449828353,0.017189683864618773,-0.41599391057103574,-0.6016440224720305,1.9974600877470845,1.4405097520441004,0.3884899076666081,-0.4985059192843185,-2.1487308319188423,
0.6835716529912392,24,12
0.362682,0.410118,0.338965,0.504988,0.338965,0.528706,1.429976,0.813317,0.504988,-0.084,-0.443718,
0.6823650575322666,22,14
0.595902,0.551418,0.351239,0.506934,1.174195,0.751596,0.462449,0.088041,-0.338265,
0.6823650575322666,36,13
0.551114,0.733972,0.815242,1.099688,1.038735,1.07937,0.612066,0.24635,-0.160001,
0.6812333451005937,23,8
-0.9532120845486748,-0.4859910059380974,0.6486850909932996,0.7821765222884642,0.31495544367788686,-0.4859910059380974,-0.3858740360829762,-0.3858740360829762,-1.1534481624139201,0.7821765222884642,1.5163783253343677,1.7166144031996131,0.915665815428626,0.04797258108755771,-0.719601545243386,-2.1546328280501528,
0.6782376680694167,15,6
-1.521003,-1.117961,-0.427032,0.379051,0.666938,0.83967,0.148742,-0.40784,-0.311878,-0.542187,-0.2543,-0.119953,0.379051,0.954825,2.16395,
0.639303397415798,2,12
0.07036452200197839,-0.5403189291835195,-0.6196852206294229,-0.7784186508994493,-0.7784186508994493,-0.7784186508994493,-1.095886358817722,-0.5403189291835195,0.25334906954483244,1.8406842196233166,1.7613170807991934,1.2057504985432108,
0.6357555377712572,17,1
-1.125918,-1.362607,-1.480952,-1.441503,-1.08647,-0.770884,-0.810332,0.090402,0.333666,0.649252,0.6887,-0.100264,-0.218609,-0.297505,-0.258057,0.885941,1.517112,1.714354,1.635457,1.35932,0.846493,0.294218,
0.6357555377712572,18,11
1.022704,0.693611,0.693611,0.803309,0.803309,0.666186,0.391942,0.337093,0.451361,0.117697,0.44679,-0.097128,
0.6357555377712572,48,1
-0.862886,-1.262238,-1.376338,-1.205188,-0.862886,-1.60454,-0.976986,-0.320908,0.734523,0.791573,0.791573,0.16402,
0.634306946472678,54,3
-1.7125416986688162,-1.8255948454076711,-1.5994885519299615,-1.071908585555288,-0.07955584112697295,0.3600944771202506,1.2268328449065016,1.2645175734211154,1.0007275902337789,0.3977781668298775,0.058619765418299906,-0.4689602009563735,-0.3559070542175186,-0.4689602009563735,-0.39359178273213263,0.17167291215715477,1.6036759748326932,1.6036759748326932,0.7369376070464422,-0.01674865280594101,-0.4312754724417595,
0.6188887973752162,26,13
0.3895,0.338137,0.466544,0.3895,0.3895,1.391071,0.903126,0.620632,-0.492225,-0.329577,
0.5963406281627401,10,0
-0.5204758215983563,-1.266231765302902,-1.266231765302902,-1.6391097371551748,-1.6391097371551748,-1.1730130384707744,-0.8001340451105806,-1.266231765302902,-0.14759784974608336,0.9710370873186562,1.3439150591709292,1.5303535343431052,1.2506953108308807,0.8778173389786077,0.5049393671263349,0.7845975906385594,0.5049393671263349,0.5049393671263349,0.13206037376614108,-0.3340363249182593,-0.7069153182784531,1.0642558141507839,0.8778173389786077,0.41171961878628643,
0.5963406281627401,37,0
-0.564847,-1.040507,-1.278337,-1.337794,-1.099964,-1.813455,-0.743219,0.327016,1.69454,2.229658,1.813455,1.040507,0.208101,-0.148644,0.148644,0.148644,0.148644,-0.148644,0.148644,-0.208101,-0.267559,0.743219,
0.5963406281627401,34,0
-0.529878,-1.125146,-1.395722,-1.449838,-1.287492,-1.99099,-0.746339,0.552426,1.472386,1.851192,1.742962,1.255925,0.498311,-0.484782,0.17362,0.119504,0.326946,0.326946,0.28185,0.05637,-0.484782,
0.5963406281627401,43,0
-0.627603,-1.18205,-1.597886,-1.459274,-1.228254,-1.782701,-1.228254,0.342679,1.359165,1.682593,1.543981,0.897126,0.435087,0.327278,0.157863,-0.134761,0.157863,-0.134761,0.111659,0.157863,1.081942,
0.5963406281627401,28,7
0.471872,1.38215,1.328604,1.275058,0.900238,0.659282,0.712828,0.712828,0.632509,0.364781,0.284462,0.123825,0.311235,0.846692,
0.5963406281627401,39,8
0.778257,1.243756,1.243756,1.156475,0.661882,0.720069,0.80735,1.069194,0.865538,0.48732,0.429132,0.225476,0.516413,-0.472773,
0.5963406281627401,46,7
-1.131328,-0.375494,0.264057,0.496622,0.496622,0.147775,-0.259212,-0.259212,-0.6662,-0.433636,-0.491777,0.205916,2.182713,2.240854,
0.5963406281627401,56,7
0.688525,1.278688,1.250585,1.250585,0.997658,0.660421,0.632318,0.857143,0.772834,0.604215,0.295082,0.154567,0.126464,0.210773,
0.5963406281627401,5,8
-0.277808,0.367424,0.474963,0.528732,0.492886,-0.277808,-0.385347,-0.600424,-0.546655,-0.492886,0.367424,2.30312,2.088043,
0.5963406281627401,35,8
1.218358,1.192572,1.141002,1.115216,0.754221,0.728436,0.857363,0.831577,0.960504,0.290085,0.367441,0.214878,0.290085,
0.5963406281627401,45,8
1.243038,1.461795,1.407106,1.297728,0.696147,0.696147,0.83287,0.860214,0.450046,0.368012,0.258634,-0.074058,0.199387,
0.5963406281627401,47,8
1.117195,1.302292,1.249407,0.932098,0.720558,0.747,0.826328,0.85277,0.614788,0.509018,0.403248,0.191708,0.42969,
0.5963406281627401,52,9
1.37426,1.230023,0.989627,0.773272,0.653074,0.412679,0.677114,0.484797,0.244402,0.196323,0.148244,0.749232,0.244402,
0.5875690012037778,21,8
1.320508,1.397618,1.397618,1.166288,0.755035,0.652222,0.703628,0.677925,0.420892,0.292375,0.433744,0.321292,0.523705,
0.5875690012037778,27,12
1.5135546441195906,0.7302595183218509,0.6323476275971334,0.8281714090465683,1.1219070812207208,0.24070006469826352,-0.15094749820060635,-1.0811104600854222,-2.0112734219702384,-0.44468317037475874,-0.2488593889253238,-1.130066405447781,
0.5875690012037778,42,11
1.086117,0.737397,0.824577,0.882697,0.969877,0.621157,0.446797,0.185257,0.490387,0.592097,0.490387,-0.395942,
0.5875690012037778,65,12
1.48468172164462,0.5690751101000583,0.22572167861939404,1.370230577817732,1.0268771463370674,0.22572167861939404,-0.6898849329251677,-0.9187846815084003,-0.995086290416507,0.3401728224462822,-0.8043335376815122,-1.8343912930529618,
0.5648816294412743,25,8
1.409858,1.409858,1.208209,0.764583,0.119309,-0.324318,
0.5594871353005053,53,0
0.31922105491247077,-0.5107534506341377,-1.0853516544812054,-1.3407289728628133,-1.2768843890968946,-1.2130408220130429,-1.9791717604757995,-0.7661307690157457,0.51075378952816,1.659950197222295,2.0430156664536736,1.7237947809882137,1.2768847279909168,0.5745983732940787,-0.19153256516867803,-0.0638444143189076,0.1276883202967816,-0.38306529978436726,-0.0638444143189076,-0.0638444143189076,-0.0638444143189076,-0.2553771489345968,0.7661311079097679,0.25537647114655204,
0.5594871353005053,31,1
-0.713146,-0.934706,-1.100875,-1.100875,-0.879316,-0.546976,-0.990095,-0.325416,0.283874,0.616213,0.505433,0.117704,-0.380806,-0.546976,-0.713146,-0.713146,-0.380806,0.450043,2.388692,2.056352,1.724012,
0.5594871353005053,32,7
0.410751,1.150765,1.309339,1.28291,1.071478,0.860045,0.939332,0.912903,0.992191,0.7279,0.46361,0.278606,-0.170688,-0.197117,-0.11783,
0.5594871353005053,60,7
0.15437,1.183501,1.33052,1.301116,1.242308,0.801252,0.801252,0.86006,0.918867,0.654233,0.477811,0.360196,-0.139668,-0.169072,0.15437,
0.5594871353005053,3,7
0.654269,1.056896,1.344487,1.200692,0.999378,0.654269,0.740547,0.884342,0.884342,0.683028,0.62551,0.424197,-0.239659,-0.179744,
0.5492873383837951,9,1
-1.315476,-1.442575,-1.442575,-1.290056,-1.544254,-0.883339,
0.5464082442934208,55,11
0.994985,0.605341,0.661004,0.716668,0.91149,0.521845,0.466182,0.27136,0.744499,0.299191,-0.173948,
0.5299437673795835,66,1
-0.519423,-0.832643,-0.895287,-0.707355,-0.707355,-1.772304,-0.895287,0.482881,0.670813,0.733457,0.733457,0.420237,
0.5248195579497372,6,0
0.4377440534349408,-0.5836584576983451,-1.0986515408589557,-1.407647996019526,-1.407647996019526,-1.3046491776326692,-1.7681423472130147,-0.7381561808917935,0.34332889023601937,1.7338094077507291,1.8368082261375858,1.785309321330994,1.1673174197835268,0.8068220598163647,0.18883116704257089,-0.0772490297256698,-0.33474557130597504,-0.33474557130597504,-0.0772490297256698,0.4377440534349408,-0.3261619161180397,-0.2231641065048564,0.7553231550097731,0.18883116704257089,
0.5248195579497372,9,7
0.413072,1.201086,1.277346,1.251926,0.997728,0.845209,0.896049,0.972308,1.023148,0.71811,0.311393,0.489332,-0.146164,-0.197004,0.285973,
0.5181912524875274,62,13
0.424562,0.448537,0.448537,0.304686,0.448537,1.215746,0.664315,0.352636,-0.102894,-0.510474,
0.4920486500100647,59,3
-0.26914365362060505,-0.6337892816731233,-0.5426276248910813,-0.26914365362060505,-1.2719188809961175,-0.9072732529435994,-0.3603043113269969,0.18666363121395524,0.4601486015600816,0.36898694477803945,-0.08682034005652085,-0.3603043113269969,-0.6337892816731233,-0.45146596810903905,-0.8161115961615574,-0.6337892816731233,-0.3603043113269969,-0.17798199683856294,2.2833767418226727,2.2833767418226727,2.1922150850406306,
0.4920486500100647,51,0
-0.705915,-1.212484,-1.550198,-1.550198,-1.493912,-1.099913,-0.931057,-0.25563,1.151508,1.714364,1.489222,1.151508,1.095223,0.410415,-0.199345,-0.15244,-0.15244,-0.433868,0.128988,0.476082,
0.4920486500100647,63,7
-0.220316,0.852527,1.00579,1.312316,1.235685,0.775895,0.469369,0.775895,0.929158,0.392737,0.162842,0.319299,-0.373579,1.312316,
0.4763734676091322,11,11
0.728492,0.527529,0.552649,0.653131,0.57777,0.276325,0.226084,
0.4752596859943314,2,1
0.195128,-0.429282,-0.179518,-0.27318,-0.429282,-1.397118,-1.116134,-0.741487,
0.47221876723798356,45,2
-1.464074,-1.464074,-1.38204,-1.491418,-0.671081,
0.46094519838830883,20,0
-1.348803,-1.521398,-1.617285,-1.636462,-1.214562,-1.099498,-0.255697,
0.4439387778458113,1,12
0.46142,0.486936,0.563485,0.614518,0.308322,0.257289,1.099327,1.048295,0.691066,-0.244531,-0.380618,
0.4383457572801904,50,0
-1.388795,-1.549815,-1.641826,-1.618823,-1.4348,-0.974744,-0.353668,
0.4383457572801904,57,0
-1.402097,-1.543655,-1.604323,-1.543655,-1.381875,-1.058314,-0.208966,
0.43168699805710065,49,11
1.141241978606472,0.6151379788283774,-0.22662949816172964,-0.9105659098865526,-0.9105659098865526,-1.0683969751518367,-1.0683969751518367,-0.6475132366567832,1.825178390331295,1.509514913119283,0.7729690440936614,-0.22662949816172964,-0.8053443019220672,
0.43132343062497136,1,0
-1.426786,-1.579884,-1.605401,-1.630917,-1.375754,-1.018526,-0.355102,
0.43132343062497136,52,0
-1.342207,-1.534524,-1.654721,-1.606642,-1.438365,-0.981614,-0.452745,
0.43114363860539867,64,0
-1.3014,-1.524933,-1.565575,-1.606217,-1.443648,-1.077867,0.097372,
0.41532166581776453,36,0
-1.338419,-1.521277,-1.602547,-1.602547,-1.50096,-1.033656,-0.393653,
0.41532166581776453,41,0
-1.384414,-1.503718,-1.583253,-1.623021,-1.344646,-0.986737,-0.459814,
0.41532166581776453,22,8
1.129711,1.107469,1.018501,0.773838,0.373481,0.373481,
0.41304295051396384,13,16
0.491486,0.2684,0.352058,0.881887,0.630915,0.156857,-0.289315,
0.4033998985976039,44,0
-1.323759,-1.561495,-1.60472,-1.583107,-1.43182,-0.913123,-0.351201,
0.4030300019227915,4,0
-1.390518,-1.536705,-1.62024,-1.62024,-1.453169,-0.993724,0.252347,
0.401260135820935,38,0
-1.388782,-1.607743,-1.632072,-1.583414,-1.340124,-0.902201,-0.488608,
0.401260135820935,11,18
-0.2352522309998946,1.432902738731836,0.7057572605748181,0.27802582828862177,-0.4063454850045346,-1.775088111590847,
0.38710391410095774,26,1
-1.536598,-1.613642,-1.639324,-1.433873,-0.997291,-0.303896,
0.383827187226177,3,1
-1.416385,-1.531422,-1.502662,-1.416385,-1.646458,-0.467335,
0.3759363984482501,7,0
-1.375564,-1.523028,-1.559894,-1.59676,-1.430863,-1.135935,-0.232717,
0.3759363984482501,12,0
-1.282448,-1.54902,-1.610536,-1.631042,-1.487503,-1.015877,-0.13414,
0.3759363984482501,14,0
-1.433295,-1.52709,-1.620884,-1.667781,-1.433295,-0.964323,-0.237417,
0.3759363984482501,22,0
-1.361399,-1.606062,-1.650546,-1.650546,-1.47261,-1.116737,0.262271,
0.3759363984482501,30,0
-1.348334,-1.500796,-1.577027,-1.6342,-1.462681,-1.081526,-0.281102,
0.3710384610725648,11,1
-1.557467,-1.607708,-1.657948,-1.431864,-1.080178,0.226084,
0.3710384610725648,24,2
-1.653317,-1.6296,-1.463576,-1.060376,0.390353,
0.3503219417956888,19,0
-1.313981,-1.48242,-1.557282,-1.557282,-1.48242,-1.051964,-0.172338,
0.349933528273498,29,0
-1.36083,-1.584698,-1.609573,-1.584698,-1.460327,-0.987716,-0.515105,
0.3408946864754867,18,3
-1.527772,-1.472923,-1.555196,-0.650189,
0.3333351760673733,64,8
1.17778,1.17778,1.096495,1.035532,0.791678,0.710393,0.486861,0.446218,0.486861,0.263328,0.893284,0.669751,
0.3282039024238521,23,1
-1.463272,-1.588138,-1.713004,-1.432056,-1.026241,-0.433128,0.222417,
0.3249277661657546,28,0
-1.295138,-1.562867,-1.643186,-1.509321,-1.509321,-1.080955,-0.38486,
0.3096760891146081,65,0
-1.23583,-1.416133,-1.506285,-1.506285,-1.506285,-1.055526,-1.01045,-0.319287,1.108115,1.37857,1.333494,
0.30083799526195953,62,0
-1.301658,-1.469484,-1.589361,-1.613336,-1.517435,-1.061905,-0.233093,
0.2979640730716059,27,4
-1.429413,-0.815812,-0.871594,0.132482,1.080776,1.359686,1.359686,
0.28620069437404483,41,9
1.120953,1.00165,0.802811,0.325598,0.345482,
0.28226437697674045,21,1
-1.506857,-1.558264,-1.609671,-1.378341,-1.121308,-0.632944,0.626519,
0.2805817460043275,8,9
1.106604,1.046698,0.647322,
0.2784594753158085,25,16
-0.445307,-0.162999,1.732495,1.409858,0.925902,0.159638,-0.243658,
0.273543661615,49,1
-1.367336,-1.44547,-1.484536,-1.250136,-0.742268,-0.507868,
0.27302427623963876,25,1
-1.332559,-1.453548,-1.493878,-1.292229,-0.848603,-0.525966,
0.2667768488388389,20,8
1.144245,1.163422,0.97165,0.856586,0.492217,
0.2622014606069466,60,1
-1.345222,-1.433433,-1.521644,-1.433433,-1.521644,-0.668935,
0.26125593593056184,8,2
-1.569215,-1.569215,-1.449402,-1.089964,0.440978,
0.26040081816236194,48,14
-0.235332,-0.235332,-0.292383,-0.320908,1.019774,
0.25513146993164715,39,0
-1.258303,-1.461959,-1.54924,-1.607428,-1.520146,-1.025553,-0.792804,
0.2547755925824057,7,9
1.002295,0.91013,0.799532,
0.25017425480310684,42,1
-1.442101,-1.529281,-1.529281,-1.471161,-1.180562,-0.715602,
0.25017425480310684,63,1
-1.446422,-1.676316,-1.752948,-1.36979,-0.91,-0.986632,
0.2260746903406483,13,8
1.132858,1.18863,1.18863,0.881887,0.575144,0.603029,
0.22282059581620706,61,2
-1.561468,-1.542474,-1.485492,-1.010641,-0.136915,
0.21445082769104284,46,0
-0.423945,-0.549918,-0.840623,-0.956905,-1.015046,-0.724341,
0.21168446793620166,29,9
1.176346,1.0271,0.67886,
0.20990235238655502,55,3
-1.454209,-1.565536,-1.14806,-0.257444,0.661004,
0.20630680115973654,15,0
-0.369455,-0.427032,-0.830074,-0.945229,-0.887651,-1.80889,
0.2036019073304769,14,8
1.14605,1.14605,1.005358,0.770872,0.372246,
0.19417197713940115,3,21
-0.41983005278139957,1.3794478583736993,-0.9596178055922999,
0.19205184445469647,32,2
-1.49214,-1.518569,-1.386424,-1.49214,-0.593552,
0.19036168139987025,5,1
-0.761732,-0.869271,-1.138118,-1.084348,-1.138118,-0.600424,
0.18916342099756078,13,0
-1.265316,-1.488402,-1.683602,-1.683602,-1.516287,-1.265316,-0.3172,0.519372,
0.18569562007357043,35,1
-1.411748,-1.489104,-1.489104,-1.437533,-1.489104,
0.1833475897349952,51,20
1.489222,0.532367,0.138369,
0.16573247125925072,66,14
-0.644711,-0.707355,-0.769999,-0.707355,-0.268847,0.232305,
0.16240640712868804,47,0
-1.236186,-1.394841,-1.579938,-1.685708,-1.394841,-1.474169,-0.601567,
0.15282346450373663,64,20
1.118507268958901,0.7260493573856848,-0.41208264187054905,-1.432473984474037,
0.1340811142367354,56,2
-1.644028,-1.587822,-1.47541,
0.12820495399222342,38,8
1.165766,1.092778,0.971133,
0.1269744354544348,62,9
1.119845,1.09587,0.975993,0.352636,
0.12697443545443476,46,21
1.224745261485121,-7.801874383903761E-7,-1.2247444812976842,
0.12075480240509939,36,8
0.733972,0.693337,0.937147,0.977782,0.551114,
0.1158353247313294,26,8
1.134258,1.211302,1.211302,0.77472,0.363819,
0.11430030175715558,24,8
1.263953,1.1928,0.955623,0.7896,
0.11078755194122014,1,7
0.716583,1.201392,1.124844,1.048295,0.793132,
0.1063779971392641,30,7
0.843305,0.976709,0.976709,0.862362,0.7099,0.385919,
0.10550951130793423,43,21
0.964562272740154,0.4133832631148871,-1.377945535855041,
0.10309506582830202,66,20
-1.4585528632021056,1.1933620932653772,0.5872091701599264,-0.32201840022319905,
0.10169569342301178,2,9
0.260171,-0.429282,0.260171,
0.10169569342301178,48,20
2.331931,1.476176,0.905673,
0.09917425368277419,63,21
0.9615724518656947,0.41728605114720296,-1.3788585030128981,
0.09380894603635925,27,0
-1.094721,-1.373631,-1.485195,
0.08957505019986811,54,0
-0.931099,-1.438971,-1.511524,
0.08072740888758867,18,7
0.501639,1.187251,1.214676,1.296949,
0.07539790941730035,56,21
0.4483270795373879,0.9374095841951432,-1.3857366637325308,
0.07326034568087547,19,7
0.463987,0.969305,0.931874,
0.06652839520023074,0,0
-1.18332,-1.372442,-1.593083,-1.467002,
0.06381766417980062,42,7
0.243377,1.057057,1.260476,1.318596,
0.06381766417980062,28,21
1.261719567531803,-0.07764391298802889,-1.1840756545437743,
0.06381766417980062,55,0
-1.6212,-1.370714,-1.454209,
0.06347212423956006,50,8
1.233526,1.049503,0.796472,
0.06023100847077878,47,21
1.111167604099681,0.20203082076279405,-1.313198424862475,
0.05890657193729097,49,7
0.507868,1.44547,1.484536,
0.05779756141268927,35,21
0.7499301318640071,0.6634007645881579,-1.4133308964521651,
0.05029494534270618,34,21
-1.2421035217284333,1.2066148496790494,0.03548867204938383,
0.049715973509732087,59,0
0.570286,-0.250926,-0.342172,
0.04953805556352919,11,8
1.18066,1.105299,0.879215,
0.047308771493990154,21,21
1.0874703401702441,0.23924388099958632,-1.3267142211698304,
0.04537352015456359,18,0
-1.226103,-1.418074,-1.527772,
0.037432327274481536,45,21
0.6966302539227965,0.7175318212397002,-1.4141620751624968,
0.03559798290367078,15,21
1.3363064582286217,-0.26726198791246386,-1.069044470316158,
0.031181307417692206,5,21
1.089081434445133,0.23675706330685548,-1.3258384977519866,
0.017013303290531884,55,8
1.189807,1.217639,1.245471,
